$ANSIBLE_VAULT;1.1;AES256
34363563393232363432343234623639303237336439333361306130303939623334333964616232
3637346565623630636161643765303063326632393835640a393231363034656334343636366630
63333931653762616237333435616232396564643033336131303062313236376537643165356332
3239373665666232300a313362616135353032616464393764376234646161643837386662323665
39303336623461623537656233653534646139306639393435336533313238306533613266336463
61363530313661316136333163396433613864353839626139613135323437343034323862346366
65393263376232313665653237363231343732396261343039653935376662323964373264623566
37643932653464313530633938623238336432376464383261663639663533393533626336643761
61376330373164623137386334636166666437626636343962316335383262633631373063663639
32366463343736343831393039643862346536323938633265393565326565313133323632633466
32363761306235313231316533333432643232336235633635353330316130323833633534336666
37626162653038376135666466643065333862356265626233393765333761326261343634636362
32383330653932623631303333396463613166313930646130323762353639623330626637356464
63633963323861356534326363363534343930656566326166616230613062656537383162396130
66623263646436366430333263653165353566646231383232386463346532643234623963643436
34326438383030353731323162633164313639396261643831383438633437653538666664623437
66383335353233383433303838656137356630303635343566363330393262643662613663323864
61653938616662663565653264663433626662633765653434356663653966633864353039616239
30336533626366373234383431666165326435386332366630626363343561343730616237623933
66303832653465333561313762333939663434653034396239643662633139613334313566653838
38663464373261643238616435356334333730323031366231303933383433363863623538346537
37356239393461326335666565316365363637373630366661366239323934343062376262633634
65383062353066366635363861633632323865303436343636353034316439623935313265316630
39376236396461353037333837376263313934663435323865633937323534353764383966663333
63386438333232393564626134623733653831633533353230643461303031363064303062346639
66613762656236396432383833303733333436343763363865363237333636663438386266353566
63363136366433386565343764633761316366656334333161356638336566393130613931663338
35303136383537393963343965306335376264303932323637313733353135303766333263366233
38626430623733643533663734626135353861663061613165363566366236326162373565616139
35326361383164626536313533666133653236373663656137623532393764313333313930666161
33363432663033643363636538353037626138346162393661623562346164636338623933373736
32366634636139623037373863623530653664356133343931633538646132366333626162626436
39383461626461303430353339333239623732633631336634376636393232326630326430616431
39323964333664623838373134656238393839393561303435313433616566323364373235336662
32663932396165323439383165663765326465393566653762326364343834386337346434363035
64616561303361366439373037643164323335326666376134313338303264623965666563303765
37346636613363616165633165613162333765373235336538666134316665343831646664343261
36333664356661376231616638396139653038313365343432613836353832623630623436343664
30343462386538313466303264376265376238363535666432323763373039303261393937343062
37376436613963353435643566383134323738326636356466663338396364376330393533646335
37343030623563636335353936636637313732636434656233356165636363343639356665646132
66393365373130643865626637333464313737396238656562363363656461313664613033346466
62363761353530646431643431313865336330376266653662623631373930333832623031303338
64623764333766626462306633393264623161646432653139323233653965666238393338613032
37386162313062336166376534333038316563376661343665386233653830363132623462366365
61353466333833313932336430633636653636633261303931663439396237303461336130316365
33326437353966313363326332313235363236336161333562626264663563616439373731393236
39366131646466613166306565333931373832303139303430323564383631613736656434393831
35616263363634336338386436366361383832333466616430646565343238613265663335353137
38303837623431313262646563326265323837353839356366613432303136316639343064383639
34626466386535363861343336306636303535376266656530306464363937353834373932356330
37343933393337303865313561303065656533373135303132643562396166653839306632663633
32636464326433343032383461653531616634653834666262633339616133636538
